Matriz 1
0 8 6 2 7 4 7 5 7 1 6 0 2 8 3 1 1 2 9 1 2 4 9 0 5 5 7 3 4 0 2 5 5 
3 5 7 1 7 4 8 3 8 0 1 4 3 7 4 7 0 5 2 1 7 9 2 2 4 3 0 8 7 6 9 2 1 
0 4 5 3 3 0 5 2 1 9 0 7 0 7 8 2 3 4 4 6 3 4 4 1 3 7 9 4 4 7 3 3 2 
9 7 3 4 4 8 6 8 6 1 1 6 1 2 9 6 0 8 9 4 6 1 3 0 0 3 1 4 1 1 0 3 4 
7 8 0 8 9 4 4 4 3 8 0 4 4 2 9 3 3 4 8 7 7 8 3 0 2 3 4 8 6 8 1 7 5 
3 7 2 6 7 6 7 1 4 2 5 5 9 1 6 3 1 1 6 5 1 4 2 2 1 1 7 6 7 5 5 4 0 
3 8 3 3 2 7 4 3 1 4 8 8 7 6 3 9 9 8 1 4 1 0 4 5 7 4 5 3 7 5 3 0 6 
9 5 5 9 7 0 8 4 4 6 3 2 7 7 1 9 5 9 4 7 2 5 8 9 2 5 3 8 6 2 3 0 0 
1 0 7 2 6 4 6 3 4 4 0 0 9 8 4 3 5 9 9 5 4 3 9 7 8 8 1 3 3 7 2 8 8 
1 0 5 9 1 9 5 0 9 5 9 8 9 0 9 6 8 9 7 4 2 8 4 5 2 9 4 9 9 2 0 1 0 
4 3 7 6 5 5 7 6 1 4 5 3 6 1 4 0 1 8 8 5 7 7 1 4 5 7 6 1 8 0 5 2 5 
5 9 0 4 4 4 1 0 3 3 2 8 5 7 0 4 8 1 0 1 6 6 8 0 6 5 7 2 9 6 6 9 4 
7 1 3 6 9 8 6 5 4 9 2 2 1 9 5 5 9 2 8 6 5 9 3 8 1 0 9 2 1 4 6 0 0 
4 3 8 8 3 4 3 1 1 8 4 6 0 1 1 4 5 7 0 1 1 7 4 2 4 0 4 0 2 8 7 3 3 
8 1 9 8 1 7 8 5 1 9 7 5 1 1 7 0 0 6 9 5 6 5 6 7 3 9 1 7 1 2 4 5 7 
3 7 9 4 2 7 0 7 2 8 3 1 9 9 2 7 7 9 0 2 5 3 4 0 0 2 2 9 4 8 9 6 2 
6 0 6 3 6 1 8 0 7 7 6 0 7 1 0 1 7 7 2 4 0 8 1 1 3 7 9 7 9 5 4 7 2 
7 7 6 1 0 7 2 2 3 9 2 0 9 8 6 4 7 8 5 2 5 0 3 0 8 8 0 2 3 0 4 6 2 
9 8 4 4 3 1 5 5 3 3 8 1 7 7 9 0 6 3 3 9 6 2 5 6 2 8 0 2 7 3 9 9 5 
0 4 6 5 4 8 0 5 3 2 5 7 8 8 5 3 3 0 0 1 9 0 2 2 4 5 4 5 4 2 7 9 5 
3 9 4 6 0 3 0 9 2 1 8 0 6 8 0 7 0 1 6 3 0 2 7 9 7 8 7 7 0 3 0 9 0 
0 1 5 2 5 1 2 6 7 3 1 6 6 6 1 9 4 9 6 9 5 8 2 2 4 0 0 1 4 4 7 3 7 
4 8 9 6 4 7 2 1 9 0 1 4 4 3 5 2 8 5 5 7 3 8 8 1 6 1 0 6 9 4 2 6 1 
0 6 1 4 9 3 3 4 8 2 0 7 9 6 4 0 6 5 0 9 5 1 4 5 3 9 2 5 2 1 0 6 0 
8 3 1 4 7 2 0 5 3 2 2 1 4 5 3 4 7 3 5 2 5 8 2 1 2 4 2 8 1 1 0 0 2 
7 2 4 6 8 8 6 8 8 9 1 4 7 8 6 0 3 7 3 2 6 4 4 6 4 0 9 1 3 4 4 4 1 
7 0 0 0 1 0 8 5 5 7 3 9 1 5 5 2 5 4 0 2 3 3 1 4 5 4 8 7 2 8 3 0 6 
5 0 2 4 9 5 4 1 2 6 0 4 6 4 7 4 8 2 2 7 3 8 7 0 0 3 5 4 6 3 0 8 5 
3 0 2 7 3 1 9 9 5 2 1 9 6 3 9 0 8 5 3 4 1 3 0 5 1 8 9 9 6 3 2 8 5 
5 7 9 8 1 8 7 7 6 2 4 9 6 5 7 1 2 6 1 6 7 3 8 0 0 2 5 8 6 1 5 9 5 
2 2 1 7 7 0 4 4 8 2 5 1 4 1 7 1 3 0 5 5 7 2 7 2 0 5 4 5 8 4 5 6 3 
8 9 3 9 2 5 7 0 4 2 5 9 7 9 6 4 3 9 4 5 9 4 0 2 0 7 6 0 3 9 4 5 1 
7 6 7 8 8 7 5 7 7 0 9 1 5 6 6 8 8 1 7 6 0 6 4 9 2 5 4 4 5 2 3 0 8 

Matriz 2
9 6 8 1 3 5 2 1 4 6 1 7 7 9 9 5 1 7 6 9 5 9 1 7 3 4 5 9 3 7 3 5 7 
6 4 7 3 1 9 2 5 0 1 6 1 8 0 2 9 3 8 6 9 8 7 4 0 4 5 9 6 5 3 6 0 7 
3 3 3 6 5 5 6 8 4 1 7 9 6 5 0 0 8 0 7 7 6 0 6 5 0 3 6 2 3 3 1 9 9 
6 6 2 9 9 7 1 5 9 1 6 8 0 6 4 0 5 5 5 3 2 4 1 0 3 4 9 4 6 2 9 2 1 
5 4 4 3 2 1 7 9 6 7 2 3 6 9 8 8 1 4 3 7 4 1 4 6 0 3 9 9 3 7 3 7 4 
3 2 4 0 1 9 9 1 6 2 0 5 9 9 6 9 0 3 0 5 3 9 5 6 6 8 6 6 9 3 0 8 8 
8 0 1 9 8 6 0 5 0 9 1 6 5 1 9 8 9 5 3 3 3 8 5 5 1 5 2 2 2 2 7 4 0 
9 6 7 5 3 2 7 4 1 0 5 0 7 9 6 1 5 0 8 1 9 2 1 5 5 5 9 2 5 9 3 9 9 
4 1 4 3 1 5 7 3 8 2 0 4 3 2 8 8 3 2 1 6 2 2 8 5 1 9 8 3 3 8 2 7 7 
7 7 7 1 0 9 8 5 4 4 9 6 0 7 8 0 8 3 0 9 6 0 8 5 3 1 7 5 0 8 0 8 0 
8 8 5 5 0 1 8 7 0 3 6 9 5 7 1 8 3 8 5 4 1 5 5 4 0 0 2 3 2 4 2 7 2 
4 3 7 9 7 8 1 1 7 4 1 4 3 9 2 8 3 0 7 6 5 9 7 1 6 8 3 5 1 1 0 4 2 
6 8 7 1 4 9 6 3 5 9 0 8 8 3 3 2 9 4 8 7 6 3 6 9 9 3 3 1 1 6 1 7 3 
9 0 8 7 3 2 5 5 3 5 2 0 4 1 4 5 9 3 8 3 7 6 1 5 0 8 8 5 1 6 4 2 3 
3 9 4 6 2 3 1 0 0 1 3 5 2 7 4 5 3 9 4 0 3 6 1 8 6 2 6 3 8 8 2 4 1 
8 9 5 4 0 9 0 2 8 1 9 5 8 4 8 8 4 8 5 2 2 8 0 9 0 4 4 1 1 6 5 8 5 
2 1 8 9 7 8 1 1 2 9 1 4 1 6 3 6 4 5 2 0 7 0 0 8 8 1 7 9 8 9 8 1 5 
4 3 9 6 2 3 2 0 3 0 0 9 4 9 2 5 3 5 1 7 1 8 4 6 9 2 8 1 2 1 6 3 4 
7 3 3 6 7 3 1 3 5 7 6 9 6 3 9 0 8 2 7 7 2 1 7 8 2 1 9 8 9 7 5 7 5 
9 1 1 0 0 3 2 0 5 7 9 1 8 8 4 7 7 1 7 7 9 2 7 7 4 2 4 2 3 9 5 0 9 
7 5 8 6 0 3 0 7 3 7 5 0 0 5 3 6 8 7 9 7 7 2 1 1 0 7 0 5 7 3 0 3 2 
6 3 3 7 1 4 0 2 5 6 3 4 8 5 6 3 1 0 3 4 2 9 7 1 5 5 6 7 9 8 4 2 2 
5 3 3 8 0 6 1 4 2 2 6 7 1 8 2 9 0 7 3 2 4 7 2 9 3 9 5 4 0 4 9 2 3 
9 7 1 9 4 0 9 6 6 7 3 7 1 5 7 6 8 9 9 9 2 8 7 2 9 6 8 3 1 8 1 9 1 
0 9 8 2 8 4 5 2 7 8 6 3 2 0 5 3 7 8 7 4 4 7 3 5 6 5 7 9 5 4 5 9 3 
8 2 9 3 0 0 1 2 0 8 1 3 6 7 3 5 4 7 6 2 1 2 4 2 6 8 6 6 1 9 6 9 4 
6 9 6 6 6 7 7 1 4 6 2 7 6 8 8 2 2 5 4 3 4 3 8 6 4 8 6 0 2 7 2 8 6 
8 9 5 5 5 5 2 0 0 9 8 0 7 8 0 2 6 2 6 3 5 7 0 2 6 2 7 3 8 5 7 8 2 
9 2 3 1 7 3 3 2 6 9 0 4 9 6 9 2 0 3 2 8 7 0 5 7 7 3 7 7 3 5 3 2 3 
1 1 1 3 0 8 1 5 7 6 0 0 3 6 1 3 0 3 5 5 6 5 1 6 5 6 3 3 4 4 2 9 5 
6 9 0 7 7 7 2 8 2 7 8 7 8 3 6 9 5 6 0 2 5 3 8 8 4 6 8 9 8 5 7 0 9 
0 4 8 7 9 6 6 4 4 1 0 2 4 5 2 5 5 8 0 8 2 8 6 4 4 8 7 3 1 0 5 9 6 
7 4 8 1 9 1 9 3 4 9 3 0 7 0 9 5 7 5 9 5 5 6 6 4 9 3 8 0 2 3 1 1 3 

Resultado 2
764 537 667 646 497 578 535 508 448 618 471 587 683 626 664 660 593 597 611 623 550 590 588 664 442 660 863 579 491 675 541 691 580 
819 601 641 687 478 682 429 535 556 711 491 566 765 698 683 742 611 589 630 686 615 705 567 684 506 703 841 655 599 704 535 710 608 
723 547 641 645 452 636 399 409 464 636 482 525 568 721 589 560 585 540 586 596 591 554 554 624 516 608 772 534 452 692 480 650 495 
776 556 691 594 425 624 411 376 480 508 446 571 675 756 669 676 551 580 628 658 549 687 483 653 495 598 799 543 553 649 473 666 599 
929 724 812 712 568 817 505 510 648 809 580 628 795 927 813 724 672 708 735 853 738 758 636 776 672 698 1005 745 700 858 614 798 643 
772 632 572 608 512 724 468 452 537 682 447 639 734 732 662 656 547 585 578 684 573 626 607 685 539 593 788 578 545 677 496 687 556 
876 703 825 689 551 800 576 468 597 754 524 694 765 810 701 805 658 742 733 728 689 765 597 797 716 665 898 637 512 759 564 757 625 
1083 748 788 822 556 793 532 567 656 829 645 817 804 930 826 787 772 756 795 841 713 788 634 845 658 710 1024 710 547 914 723 823 648 
869 644 831 761 612 706 618 562 643 851 516 715 738 804 761 737 822 747 787 809 671 738 676 881 725 756 1005 670 548 834 629 895 654 
969 762 817 831 587 846 565 454 690 824 545 902 810 1012 772 782 706 726 719 790 615 787 731 845 781 714 989 702 689 909 637 919 611 
906 673 736 687 587 635 550 523 560 772 517 742 775 815 773 640 704 643 716 774 626 634 699 714 639 635 903 657 598 766 525 755 614 
765 613 800 688 566 801 473 486 592 753 433 554 700 742 663 765 539 703 620 717 675 712 583 696 619 780 860 722 517 691 576 654 609 
952 690 703 802 524 777 583 563 652 792 585 739 723 902 886 748 701 657 685 744 691 694 662 824 565 710 982 760 676 945 567 794 660 
593 536 550 611 449 675 413 450 524 503 450 608 521 674 536 550 463 510 458 589 494 584 517 569 480 531 717 534 445 539 449 586 497 
982 748 790 802 603 709 594 566 566 772 650 808 743 943 770 721 800 738 789 826 637 799 710 741 668 706 971 690 637 813 594 890 627 
856 713 816 703 495 867 567 557 555 668 588 648 791 850 607 702 698 650 659 744 753 689 562 805 643 685 947 632 599 759 587 790 725 
815 619 714 644 564 704 542 467 550 813 421 706 748 808 719 616 605 604 542 738 581 593 679 744 611 609 860 623 498 777 563 793 591 
745 626 838 566 466 714 509 432 474 645 480 639 658 684 622 642 693 694 611 706 617 620 536 749 595 605 851 655 512 717 518 724 605 
995 726 827 762 589 713 578 600 522 831 574 701 808 852 747 846 772 844 788 827 762 733 669 833 691 728 983 747 600 881 646 742 717 
739 665 751 649 541 682 576 521 521 643 465 530 665 716 565 681 654 639 668 648 631 622 553 636 556 707 806 578 522 637 440 734 595 
828 704 728 670 468 633 571 480 499 580 560 596 683 705 572 612 657 699 745 657 562 706 525 627 541 691 875 529 443 726 569 859 611 
794 568 674 639 490 649 473 468 625 668 527 574 715 688 693 674 670 517 659 690 629 612 619 736 566 605 843 565 517 726 500 636 630 
767 572 709 704 556 781 478 465 636 694 510 659 751 803 653 740 590 620 639 772 679 703 610 759 632 697 947 722 661 752 625 698 694 
733 510 713 613 425 602 481 419 502 658 382 486 594 737 547 697 614 576 631 663 600 570 543 604 582 661 800 558 433 717 504 665 544 
672 502 605 504 341 489 339 329 403 572 391 435 547 630 532 484 460 458 547 502 482 499 351 523 432 449 684 543 495 654 436 546 443 
895 718 805 758 562 794 681 570 661 725 478 745 706 906 841 731 711 681 688 818 705 726 692 814 634 786 991 686 584 850 510 867 664 
734 577 666 609 473 602 443 360 453 697 388 485 546 694 636 590 560 539 604 562 562 632 503 599 559 592 704 505 424 680 414 673 452 
750 556 687 622 490 688 465 401 550 707 417 564 662 813 683 653 540 580 556 653 604 622 549 735 577 609 803 601 503 743 512 649 531 
871 674 784 804 697 697 532 414 536 793 411 632 713 880 725 650 698 636 706 659 646 691 625 715 740 699 933 576 564 811 584 810 583 
952 726 847 836 657 867 597 551 599 712 578 731 840 951 712 836 740 710 762 824 771 835 696 791 682 831 988 645 640 753 630 793 745 
761 577 577 622 469 568 434 477 482 658 451 546 592 716 632 625 537 605 567 607 553 495 528 653 483 599 773 560 505 699 516 632 517 
928 657 845 801 546 841 473 544 638 747 466 729 766 869 715 825 707 764 774 838 692 822 650 742 635 798 900 684 593 761 586 760 664 
1079 773 801 811 619 764 692 608 683 848 631 809 913 913 908 866 757 789 868 805 728 793 695 884 690 737 1102 751 687 994 657 884 761 

